{
  "screen_to_camera_matrix" : {
    "cols" : 3,
    "data" : [ -0.5061731178294655, 0.10173106510916582, 1062.0820237991666, -0.021798145166179957, -0.44800024059997, 436.6375168768742, 2.7932208489150707E-5, 1.1017892751456487E-4, 1.0 ],
    "type" : 6,
    "rows" : 3
  },
  "projection_corners" : [ 1062.08203125, 436.63751220703125, 400.3828125, 394.6584167480469, 437.538818359375, 77.712890625, 1051.8968505859375, 106.11875915527344 ],
  "image_size" : [ 1280.0, 720.0 ],
  "screen_size" : [ 1280.0, 720.0 ]
}