{
  "screen_to_camera_matrix" : {
    "cols" : 3,
    "data" : [ -0.22491223086391876, 0.0998971351096269, 421.4795401968236, -0.025281754907018065, -0.20848668100321333, 355.05579542281066, 5.6593165029407435E-5, 1.0145117212535554E-4, 1.0 ],
    "type" : 6,
    "rows" : 3
  },
  "projection_corners" : [ 421.47955322265625, 355.0557861328125, 124.78456115722656, 300.937744140625, 179.5496063232422, 150.89022827148438, 459.76849365234375, 191.2066192626953 ],
  "image_size" : [ 640.0, 480.0 ],
  "screen_size" : [ 1280.0, 720.0 ]
}